0 0.3271484375 0.1171875 0.32421875 0.1376953125 0.3291015625 0.14453125 0.337890625 0.1435546875 0.3798828125 0.13671875 0.4541015625 0.134765625 0.4716796875 0.12890625 0.486328125 0.1142578125 0.486328125 0.1064453125 0.3271484375 0.1171875
3 0.23828125 0.8603515625 0.1484375 0.7431640625 0.0009765625 0.568359375 0 0.6005859375 0.15625 0.8583984375 0.181640625 0.8955078125 0.1884765625 0.90234375 0.1953125 0.9013671875 0.18359375 0.8740234375 0.060546875 0.6787109375 0.0361328125 0.630859375 0.2353515625 0.869140625 0.240234375 0.8662109375 0.23828125 0.8603515625
4 0.49609375 0.6337890625 0.494140625 0.6005859375 0.484375 0.5849609375 0.4697265625 0.576171875 0.4404296875 0.580078125 0.423828125 0.6005859375 0.419921875 0.7822265625 0.4091796875 0.78515625 0.400390625 0.7744140625 0.3515625 0.6142578125 0.3310546875 0.59765625 0.3095703125 0.59765625 0.2958984375 0.60546875 0.28515625 0.6220703125 0.283203125 0.6513671875 0.29296875 0.6708984375 0.3076171875 0.68359375 0.3291015625 0.685546875 0.3525390625 0.6796875 0.361328125 0.6923828125 0.408203125 0.8525390625 0.40625 0.9462890625 0.412109375 0.9990234375 0.4228515625 1 0.42578125 0.9951171875 0.4326171875 0.93359375 0.443359375 0.9423828125 0.46484375 0.9990234375 0.484375 0.9990234375 0.43359375 0.8271484375 0.435546875 0.6748046875 0.4443359375 0.6640625 0.4736328125 0.662109375 0.490234375 0.6494140625 0.49609375 0.6337890625
5 0.83984375 0.7490234375 0.736328125 0.6181640625 0.705078125 0.4658203125 0.7421875 0.4443359375 0.75 0.4228515625 0.75 0.4013671875 0.7314453125 0.376953125 0.7060546875 0.37109375 0.6875 0.3837890625 0.677734375 0.4091796875 0.70703125 0.5634765625 0.7041015625 0.59375 0.6904296875 0.59375 0.6796875 0.5830078125 0.642578125 0.5361328125 0.625 0.5048828125 0.5751953125 0.44921875 0.5537109375 0.443359375 0.5302734375 0.44921875 0.51953125 0.4638671875 0.515625 0.4814453125 0.52734375 0.5126953125 0.5498046875 0.529296875 0.5693359375 0.529296875 0.6044921875 0.51171875 0.71484375 0.6435546875 0.71484375 0.6708984375 0.73046875 0.7197265625 0.736328125 0.7626953125 0.755859375 0.7880859375 0.759765625 0.7568359375 0.75390625 0.7255859375 0.7548828125 0.69140625 0.8232421875 0.76171875 0.8349609375 0.765625 0.83984375 0.7490234375
2 0.6875 0.7333984375 0.67578125 0.7021484375 0.6552734375 0.685546875 0.6435546875 0.68359375 0.6279296875 0.689453125 0.611328125 0.7138671875 0.607421875 0.7646484375 0.58203125 0.7763671875 0.5869140625 0.78515625 0.6044921875 0.787109375 0.609375 0.7978515625 0.6142578125 0.9140625 0.607421875 0.9091796875 0.560546875 0.8056640625 0.578125 0.7802734375 0.5712890625 0.775390625 0.5439453125 0.77734375 0.521484375 0.7431640625 0.5048828125 0.73046875 0.4912109375 0.7265625 0.4755859375 0.73046875 0.45703125 0.7548828125 0.458984375 0.7822265625 0.46875 0.8056640625 0.4873046875 0.818359375 0.5068359375 0.818359375 0.5302734375 0.806640625 0.544921875 0.8095703125 0.59375 0.9111328125 0.625 0.9990234375 0.6484375 0.9990234375 0.62890625 0.8857421875 0.62109375 0.7978515625 0.6279296875 0.78125 0.6630859375 0.77734375 0.68359375 0.7607421875 0.6875 0.7333984375
2 0.2734375 0.3310546875 0.294921875 0.3037109375 0.2919921875 0.294921875 0.2822265625 0.296875 0.267578125 0.3134765625 0.267578125 0.3271484375 0.2734375 0.3310546875
2 0.056640625 0.3623046875 0.05078125 0.3486328125 0.052734375 0.3251953125 0.0615234375 0.3125 0.083984375 0.3056640625 0.0751953125 0.294921875 0.0673828125 0.294921875 0.041015625 0.3154296875 0.03515625 0.3427734375 0.0556640625 0.37890625 0.087890625 0.3818359375 0.1220703125 0.373046875 0.123046875 0.3681640625 0.1083984375 0.353515625 0.0830078125 0.3671875 0.0634765625 0.3671875 0.056640625 0.3623046875
2 0.1953125 0.5361328125 0.201171875 0.5009765625 0.224609375 0.4384765625 0.2177734375 0.427734375 0.2109375 0.4326171875 0.1875 0.5029296875 0.1748046875 0.50390625 0.154296875 0.4208984375 0.138671875 0.3857421875 0.1279296875 0.376953125 0.158203125 0.4833984375 0.169921875 0.5458984375 0.154296875 0.6552734375 0.154296875 0.6767578125 0.16015625 0.6787109375 0.173828125 0.5947265625 0.1806640625 0.583984375 0.189453125 0.5966796875 0.19921875 0.6689453125 0.20703125 0.6767578125 0.1953125 0.5361328125
2 0.4296875 0.1162109375 0.4013671875 0.11328125 0.3603515625 0.119140625 0.3603515625 0.125 0.341796875 0.1298828125 0.3447265625 0.13671875 0.41015625 0.1357421875 0.4638671875 0.12890625 0.46875 0.1220703125 0.3935546875 0.1328125 0.3896484375 0.125 0.373046875 0.1240234375 0.4296875 0.1162109375
2 0.484375 0.4775390625 0.46484375 0.4267578125 0.466796875 0.4189453125 0.494140625 0.3525390625 0.54296875 0.2626953125 0.5576171875 0.255859375 0.5869140625 0.26953125 0.6064453125 0.26953125 0.62890625 0.2490234375 0.63671875 0.2119140625 0.630859375 0.1962890625 0.6162109375 0.185546875 0.5947265625 0.185546875 0.5791015625 0.193359375 0.5546875 0.2275390625 0.533203125 0.2431640625 0.462890625 0.3837890625 0.4541015625 0.392578125 0.4404296875 0.388671875 0.431640625 0.3779296875 0.376953125 0.2646484375 0.376953125 0.2548828125 0.388671875 0.2373046875 0.3759765625 0.232421875 0.35546875 0.2412109375 0.359375 0.2626953125 0.392578125 0.3251953125 0.435546875 0.4267578125 0.4140625 0.4853515625 0.40625 0.5244140625 0.41015625 0.5439453125 0.43359375 0.4736328125 0.4482421875 0.455078125 0.4609375 0.4580078125 0.486328125 0.5244140625 0.498046875 0.5400390625 0.484375 0.4775390625
2 0.7236328125 0.029296875 0.734375 0.0166015625 0.736328125 0.0009765625 0.5185546875 0 0.51171875 0.0244140625 0.5322265625 0.060546875 0.5634765625 0.06640625 0.5966796875 0.056640625 0.619140625 0.0673828125 0.619140625 0.0947265625 0.658203125 0.2060546875 0.689453125 0.3310546875 0.6962890625 0.341796875 0.70703125 0.3408203125 0.701171875 0.2705078125 0.671875 0.1240234375 0.671875 0.0634765625 0.6787109375 0.041015625 0.7021484375 0.0390625 0.7236328125 0.029296875