0 0.3310546875 0.1171875 0.3173828125 0.123046875 0.2724609375 0.123046875 0.0732421875 0.146484375 0.046875 0.1591796875 0.044921875 0.1708984375 0.0517578125 0.1796875 0.078125 0.1845703125 0.3583984375 0.138671875 0.4130859375 0.138671875 0.421875 0.1357421875 0.421875 0.1162109375 0.4052734375 0.111328125 0.3310546875 0.1171875
3 0.111328125 0.9287109375 0.1201171875 0.94140625 0.13671875 0.9423828125 0.07421875 0.7431640625 0.0009765625 0.5546875 0 0.6435546875 0.009765625 0.6572265625 0.033203125 0.7353515625 0.111328125 0.9287109375
4 0.4921875 0.6435546875 0.49609375 0.6318359375 0.4921875 0.5947265625 0.4775390625 0.578125 0.4521484375 0.57421875 0.4384765625 0.580078125 0.423828125 0.6005859375 0.423828125 0.7666015625 0.427734375 0.7822265625 0.4208984375 0.78515625 0.4111328125 0.78515625 0.40234375 0.7724609375 0.3515625 0.6123046875 0.3330078125 0.59765625 0.3095703125 0.59765625 0.2978515625 0.603515625 0.28515625 0.6220703125 0.28515625 0.6552734375 0.296875 0.6748046875 0.3095703125 0.68359375 0.3291015625 0.685546875 0.3544921875 0.6796875 0.361328125 0.6904296875 0.41796875 0.8720703125 0.41015625 0.8857421875 0.41015625 0.9169921875 0.419921875 0.9931640625 0.427734375 0.9990234375 0.4365234375 0.919921875 0.470703125 0.9990234375 0.48828125 0.9990234375 0.486328125 0.9794921875 0.435546875 0.8232421875 0.435546875 0.6728515625 0.4404296875 0.6640625 0.4716796875 0.66015625 0.4921875 0.6435546875
2 0.712890625 0.9443359375 0.7412109375 0.962890625 0.7626953125 0.958984375 0.779296875 0.9365234375 0.7734375 0.8896484375 0.7587890625 0.87109375 0.7353515625 0.865234375 0.7119140625 0.875 0.6982421875 0.875 0.6875 0.8603515625 0.669921875 0.8076171875 0.658203125 0.7470703125 0.642578125 0.7177734375 0.6328125 0.6513671875 0.6142578125 0.587890625 0.611328125 0.6337890625 0.626953125 0.7509765625 0.6328125 0.8779296875 0.6201171875 0.890625 0.5810546875 0.89453125 0.5625 0.9169921875 0.5625 0.9423828125 0.5703125 0.9658203125 0.5849609375 0.982421875 0.609375 0.9873046875 0.6220703125 0.982421875 0.63671875 0.9658203125 0.640625 0.9150390625 0.6533203125 0.900390625 0.6923828125 0.8984375 0.712890625 0.9443359375
5 0.7265625 0.3408203125 0.72265625 0.3642578125 0.732421875 0.3662109375 0.73828125 0.3583984375 0.73828125 0.3291015625 0.7197265625 0.3046875 0.7001953125 0.296875 0.701171875 0.3095703125 0.7265625 0.3408203125
5 0.6650390625 0.4453125 0.66015625 0.4541015625 0.66015625 0.5107421875 0.6494140625 0.515625 0.626953125 0.4970703125 0.625 0.4833984375 0.609375 0.4658203125 0.609375 0.4541015625 0.5947265625 0.439453125 0.59375 0.4619140625 0.65625 0.5849609375 0.658203125 0.7333984375 0.666015625 0.7333984375 0.671875 0.6728515625 0.6767578125 0.669921875 0.6875 0.6767578125 0.732421875 0.7470703125 0.75 0.7490234375 0.76171875 0.7275390625 0.7578125 0.7080078125 0.673828125 0.5498046875 0.6796875 0.5244140625 0.669921875 0.4462890625 0.6650390625 0.4453125
2 0.20703125 0.6767578125 0.205078125 0.6240234375 0.193359375 0.5517578125 0.201171875 0.4990234375 0.220703125 0.4345703125 0.24609375 0.3759765625 0.2509765625 0.37109375 0.2685546875 0.37109375 0.2978515625 0.37890625 0.3115234375 0.375 0.326171875 0.3603515625 0.3359375 0.3369140625 0.3359375 0.3193359375 0.330078125 0.3056640625 0.3115234375 0.291015625 0.2822265625 0.294921875 0.265625 0.3134765625 0.25390625 0.3427734375 0.2451171875 0.3515625 0.2158203125 0.349609375 0.208984375 0.3544921875 0.208984375 0.3623046875 0.228515625 0.3740234375 0.228515625 0.3837890625 0.1865234375 0.5078125 0.17578125 0.5029296875 0.169921875 0.4892578125 0.14453125 0.3916015625 0.14453125 0.3779296875 0.1611328125 0.369140625 0.1640625 0.3603515625 0.1552734375 0.353515625 0.1279296875 0.35546875 0.107421875 0.3154296875 0.0810546875 0.294921875 0.0595703125 0.296875 0.0390625 0.3193359375 0.037109375 0.3447265625 0.052734375 0.3740234375 0.0615234375 0.380859375 0.0810546875 0.3828125 0.1181640625 0.373046875 0.12890625 0.3876953125 0.142578125 0.4267578125 0.169921875 0.5458984375 0.154296875 0.6591796875 0.154296875 0.6748046875 0.16015625 0.6787109375 0.173828125 0.5927734375 0.1806640625 0.58203125 0.19140625 0.6025390625 0.19921875 0.6708984375 0.2021484375 0.677734375 0.20703125 0.6767578125
2 0.49609375 0.5087890625 0.4853515625 0.48828125 0.478515625 0.5029296875 0.48046875 0.5126953125 0.49609375 0.5322265625 0.49609375 0.5087890625
2 0.40625 0.5419921875 0.41015625 0.5439453125 0.44140625 0.4521484375 0.4365234375 0.439453125 0.4296875 0.4404296875 0.416015625 0.4794921875 0.40625 0.5205078125 0.40625 0.5419921875
2 0.7294921875 0 0.7265625 0.0107421875 0.7080078125 0.0234375 0.6748046875 0.0234375 0.6572265625 0.03515625 0.6318359375 0.03515625 0.615234375 0.0478515625 0.6279296875 0.05859375 0.6474609375 0.056640625 0.66015625 0.0673828125 0.6640625 0.1533203125 0.673828125 0.2001953125 0.677734375 0.2001953125 0.669921875 0.1083984375 0.67578125 0.0498046875 0.7119140625 0.041015625 0.7236328125 0.033203125 0.736328125 0.0205078125 0.7412109375 0 0.7294921875 0
2 0.3232421875 0.19921875 0.3037109375 0.189453125 0.2841796875 0.193359375 0.267578125 0.2060546875 0.265625 0.2412109375 0.2900390625 0.26953125 0.3115234375 0.2734375 0.3525390625 0.259765625 0.380859375 0.2900390625 0.384765625 0.2763671875 0.375 0.2568359375 0.388671875 0.2451171875 0.3857421875 0.234375 0.3544921875 0.23828125 0.3232421875 0.19921875