2 0.1689453125 0.232421875 0.1494140625 0.244140625 0.1416015625 0.23828125 0.1201171875 0.244140625 0.107421875 0.2646484375 0.109375 0.2841796875 0.119140625 0.2978515625 0.1044921875 0.306640625 0.091796875 0.3017578125 0.091796875 0.2919921875 0.0830078125 0.283203125 0.064453125 0.2958984375 0.10546875 0.4599609375 0.115234375 0.4716796875 0.2890625 0.3818359375 0.25390625 0.2490234375 0.2333984375 0.20703125 0.1865234375 0.224609375 0.1826171875 0.234375 0.1689453125 0.232421875
2 0.419921875 0.5185546875 0.419921875 0.4931640625 0.4033203125 0.470703125 0.37890625 0.4716796875 0.373046875 0.4462890625 0.357421875 0.4287109375 0.3046875 0.2333984375 0.294921875 0.2080078125 0.2841796875 0.203125 0.271484375 0.2138671875 0.271484375 0.2333984375 0.33203125 0.4833984375 0.3291015625 0.48828125 0.3271484375 0.478515625 0.3173828125 0.478515625 0.296875 0.4951171875 0.298828125 0.5107421875 0.310546875 0.5205078125 0.3076171875 0.525390625 0.2919921875 0.5234375 0.287109375 0.5107421875 0.287109375 0.5322265625 0.302734375 0.5400390625 0.3369140625 0.513671875 0.3505859375 0.5234375 0.3740234375 0.515625 0.3837890625 0.533203125 0.4013671875 0.533203125 0.419921875 0.5185546875
2 0.2568359375 0.51171875 0.2255859375 0.505859375 0.2080078125 0.515625 0.193359375 0.5341796875 0.185546875 0.5576171875 0.185546875 0.5849609375 0.2060546875 0.623046875 0.236328125 0.6298828125 0.2548828125 0.625 0.271484375 0.6103515625 0.283203125 0.5810546875 0.283203125 0.5556640625 0.275390625 0.5322265625 0.2568359375 0.51171875
2 0.296875 0.6787109375 0.296875 0.6474609375 0.2880859375 0.630859375 0.1826171875 0.634765625 0.166015625 0.6435546875 0.162109375 0.7451171875 0.1826171875 0.771484375 0.1953125 0.7705078125 0.2822265625 0.76171875 0.296875 0.7548828125 0.296875 0.7099609375 0.279296875 0.6904296875 0.2822265625 0.6796875 0.296875 0.6787109375
2 0.443359375 0.5537109375 0.4208984375 0.533203125 0.3408203125 0.546875 0.322265625 0.5595703125 0.341796875 0.7177734375 0.3525390625 0.736328125 0.376953125 0.7353515625 0.4130859375 0.728515625 0.4365234375 0.716796875 0.45703125 0.6923828125 0.46875 0.6611328125 0.462890625 0.5947265625 0.443359375 0.5537109375
2 0.3671875 0.7373046875 0.3525390625 0.736328125 0.37109375 0.8212890625 0.40625 0.8916015625 0.4521484375 0.94140625 0.4931640625 0.96875 0.5224609375 1 0.5390625 0.9990234375 0.54296875 0.9853515625 0.5224609375 0.962890625 0.4501953125 0.916015625 0.412109375 0.8759765625 0.37890625 0.8056640625 0.3671875 0.7373046875
2 0.6279296875 0.46484375 0.5380859375 0.470703125 0.5263671875 0.474609375 0.517578125 0.4892578125 0.517578125 0.6552734375 0.525390625 0.7021484375 0.529296875 0.8037109375 0.5439453125 0.82421875 0.5849609375 0.822265625 0.5888671875 0.828125 0.599609375 0.8271484375 0.6064453125 0.8203125 0.6474609375 0.81640625 0.6640625 0.7822265625 0.646484375 0.4970703125 0.640625 0.4755859375 0.6279296875 0.46484375
2 0.470703125 0.1826171875 0.453125 0.4619140625 0.453125 0.5537109375 0.462890625 0.5576171875 0.4765625 0.4873046875 0.48046875 0.4150390625 0.4765625 0.3876953125 0.486328125 0.1865234375 0.4775390625 0.173828125 0.470703125 0.1826171875
2 0.462890625 0.3388671875 0.4638671875 0.31640625 0.43359375 0.3291015625 0.435546875 0.3427734375 0.4453125 0.3447265625 0.462890625 0.3388671875
2 0.5771484375 0.29296875 0.578125 0.2744140625 0.4814453125 0.30859375 0.478515625 0.3291015625 0.484375 0.3291015625 0.5771484375 0.29296875
2 0.7705078125 0.216796875 0.7734375 0.1982421875 0.7685546875 0.1953125 0.640625 0.2490234375 0.6640625 0.2587890625 0.7705078125 0.216796875
2 0.673828125 0.3935546875 0.69140625 0.3525390625 0.69140625 0.3271484375 0.673828125 0.2822265625 0.66015625 0.2626953125 0.6416015625 0.25 0.5927734375 0.2421875 0.583984375 0.2470703125 0.578125 0.2939453125 0.591796875 0.3486328125 0.625 0.4580078125 0.64453125 0.4775390625 0.654296875 0.5380859375 0.6796875 0.5947265625 0.6884765625 0.603515625 0.697265625 0.6025390625 0.74609375 0.5341796875 0.7421875 0.4736328125 0.72265625 0.4306640625 0.7060546875 0.416015625 0.677734375 0.4072265625 0.673828125 0.3935546875
2 0.81640625 0.5673828125 0.8046875 0.4912109375 0.837890625 0.3916015625 0.8515625 0.3115234375 0.849609375 0.2138671875 0.8212890625 0.189453125 0.8046875 0.2041015625 0.77734375 0.2939453125 0.767578125 0.3642578125 0.76953125 0.5009765625 0.7421875 0.5595703125 0.73046875 0.6005859375 0.732421875 0.6669921875 0.740234375 0.6865234375 0.751953125 0.6865234375 0.7607421875 0.673828125 0.7705078125 0.685546875 0.7822265625 0.669921875 0.7978515625 0.66796875 0.81640625 0.6220703125 0.81640625 0.5673828125
2 0.630859375 0.9345703125 0.6328125 0.9462890625 0.6416015625 0.955078125 0.65234375 0.9560546875 0.6728515625 0.9453125 0.69921875 0.9111328125 0.751953125 0.8193359375 0.7373046875 0.794921875 0.654296875 0.8818359375 0.630859375 0.9345703125
2 0.763671875 0.7431640625 0.720703125 0.8115234375 0.673828125 0.8564453125 0.65234375 0.8857421875 0.6328125 0.9306640625 0.63671875 0.9501953125 0.650390625 0.9560546875 0.681640625 0.9345703125 0.751953125 0.8173828125 0.779296875 0.7900390625 0.783203125 0.7646484375 0.7744140625 0.736328125 0.763671875 0.7431640625
2 0.6953125 0.7919921875 0.70703125 0.8017578125 0.75390625 0.7626953125 0.775390625 0.7294921875 0.7705078125 0.7109375 0.7353515625 0.728515625 0.693359375 0.7763671875 0.6953125 0.7919921875
2 0.8740234375 0.8984375 0.9267578125 0.875 0.93359375 0.8779296875 0.9296875 0.8896484375 0.9345703125 0.89453125 0.9375 0.8583984375 0.9501953125 0.86328125 0.9560546875 0.841796875 0.96484375 0.8486328125 0.95703125 0.8544921875 0.9658203125 0.86328125 0.970703125 0.8544921875 0.9677734375 0.8203125 0.95703125 0.8212890625 0.96484375 0.8330078125 0.955078125 0.8369140625 0.953125 0.7744140625 0.9423828125 0.7890625 0.93359375 0.7568359375 0.9375 0.7431640625 0.9296875 0.7431640625 0.927734375 0.7275390625 0.91796875 0.7177734375 0.921875 0.7119140625 0.9130859375 0.7109375 0.900390625 0.6904296875 0.865234375 0.6630859375 0.875 0.6435546875 0.8828125 0.6416015625 0.8828125 0.6337890625 0.890625 0.6357421875 0.890625 0.6240234375 0.8984375 0.6201171875 0.89453125 0.6162109375 0.9013671875 0.611328125 0.9033203125 0.623046875 0.90625 0.6103515625 0.919921875 0.6044921875 0.9169921875 0.59765625 0.91015625 0.5986328125 0.919921875 0.5966796875 0.923828125 0.5693359375 0.904296875 0.5712890625 0.912109375 0.5751953125 0.8984375 0.5791015625 0.896484375 0.5927734375 0.88671875 0.5947265625 0.888671875 0.6025390625 0.875 0.6103515625 0.875 0.6201171875 0.86328125 0.6259765625 0.859375 0.6416015625 0.8505859375 0.640625 0.8515625 0.6474609375 0.841796875 0.6494140625 0.849609375 0.6533203125 0.8466796875 0.65625 0.8388671875 0.65625 0.8349609375 0.666015625 0.8173828125 0.673828125 0.8046875 0.6689453125 0.8125 0.6650390625 0.810546875 0.6474609375 0.818359375 0.6181640625 0.810546875 0.5263671875 0.8125 0.4638671875 0.826171875 0.4443359375 0.830078125 0.4150390625 0.841796875 0.3876953125 0.853515625 0.2958984375 0.859375 0.2919921875 0.859375 0.2587890625 0.853515625 0.2509765625 0.859375 0.2451171875 0.859375 0.2275390625 0.8544921875 0.23828125 0.84375 0.1884765625 0.8310546875 0.189453125 0.8251953125 0.171875 0.8173828125 0.171875 0.81640625 0.1826171875 0.8056640625 0.1875 0.802734375 0.1767578125 0.798828125 0.2138671875 0.783203125 0.2548828125 0.765625 0.3642578125 0.767578125 0.4970703125 0.736328125 0.5673828125 0.728515625 0.6064453125 0.732421875 0.6708984375 0.7392578125 0.6875 0.755859375 0.6865234375 0.76171875 0.7099609375 0.7529296875 0.72265625 0.7294921875 0.734375 0.712890625 0.7509765625 0.693359375 0.7802734375 0.7041015625 0.80078125 0.7216796875 0.7890625 0.732421875 0.7958984375 0.666015625 0.8662109375 0.64453125 0.9013671875 0.630859375 0.9365234375 0.6396484375 0.953125 0.65625 0.9541015625 0.68359375 0.9326171875 0.7421875 0.8310546875 0.7705078125 0.802734375 0.787109375 0.8720703125 0.8212890625 0.8984375 0.8740234375 0.8984375