2 0.3291015625 0.744140625 0.4072265625 0.7890625 0.4365234375 0.796875 0.4794921875 0.791015625 0.505859375 0.7783203125 0.4990234375 0.740234375 0.4306640625 0.7421875 0.3388671875 0.6953125 0.29296875 0.7021484375 0.318359375 0.6611328125 0.40625 0.5732421875 0.439453125 0.5244140625 0.43359375 0.5087890625 0.4267578125 0.505859375 0.3564453125 0.53125 0.35546875 0.5205078125 0.37890625 0.4775390625 0.375 0.4599609375 0.3662109375 0.453125 0.3515625 0.4580078125 0.32421875 0.4970703125 0.28125 0.6123046875 0.201171875 0.7470703125 0.197265625 0.7763671875 0.1875 0.7958984375 0.189453125 0.8134765625 0.1640625 0.8291015625 0.162109375 0.8427734375 0.171875 0.8583984375 0.1787109375 0.865234375 0.19921875 0.8662109375 0.234375 0.8388671875 0.244140625 0.8056640625 0.271484375 0.7685546875 0.2822265625 0.7578125 0.3115234375 0.74609375 0.3291015625 0.744140625
2 0.52734375 0.4443359375 0.5244140625 0.439453125 0.5166015625 0.4453125 0.470703125 0.4873046875 0.4990234375 0.412109375 0.453125 0.4697265625 0.43359375 0.5048828125 0.44140625 0.5322265625 0.435546875 0.6181640625 0.423828125 0.6591796875 0.388671875 0.7119140625 0.390625 0.7236328125 0.3984375 0.7236328125 0.4296875 0.6865234375 0.4453125 0.6513671875 0.453125 0.6162109375 0.451171875 0.5556640625 0.45703125 0.5380859375 0.52734375 0.4443359375
2 0.802734375 0.3056640625 0.8017578125 0.30078125 0.7939453125 0.3046875 0.7265625 0.3505859375 0.7685546875 0.25390625 0.736328125 0.2919921875 0.6669921875 0.396484375 0.6162109375 0.41796875 0.5654296875 0.41796875 0.53515625 0.4423828125 0.525390625 0.4599609375 0.517578125 0.5029296875 0.5302734375 0.5234375 0.5400390625 0.5234375 0.6513671875 0.42578125 0.662109375 0.4306640625 0.666015625 0.4443359375 0.58203125 0.5830078125 0.5859375 0.6025390625 0.5947265625 0.611328125 0.611328125 0.6123046875 0.6357421875 0.60546875 0.6640625 0.5673828125 0.669921875 0.5478515625 0.669921875 0.4912109375 0.69140625 0.4208984375 0.802734375 0.3056640625
2 0.8212890625 0.298828125 0.8125 0.3037109375 0.794921875 0.3427734375 0.751953125 0.4072265625 0.6875 0.5517578125 0.625 0.6201171875 0.625 0.6572265625 0.6494140625 0.67578125 0.669921875 0.6767578125 0.6845703125 0.671875 0.703125 0.6494140625 0.822265625 0.3935546875 0.822265625 0.3681640625 0.837890625 0.3330078125 0.8212890625 0.298828125
2 0.6611328125 0.30078125 0.6728515625 0.306640625 0.6982421875 0.306640625 0.72265625 0.2900390625 0.7265625 0.2685546875 0.7021484375 0.228515625 0.6591796875 0.2421875 0.6318359375 0.232421875 0.615234375 0.2138671875 0.587890625 0.1572265625 0.5859375 0.1259765625 0.6064453125 0.126953125 0.611328125 0.1201171875 0.615234375 0.0986328125 0.603515625 0.0810546875 0.60546875 0.0537109375 0.6279296875 0 0.615234375 0.0107421875 0.603515625 0.0341796875 0.58984375 0.0908203125 0.5625 0.1083984375 0.5419921875 0.14453125 0.4501953125 0.13671875 0.375 0.1416015625 0.3935546875 0.15625 0.521484375 0.1904296875 0.45703125 0.3388671875 0.453125 0.3642578125 0.505859375 0.2939453125 0.5634765625 0.19921875 0.5810546875 0.19921875 0.58984375 0.2060546875 0.61328125 0.2490234375 0.6611328125 0.30078125
2 0.6748046875 0 0.6494140625 0.013671875 0.623046875 0.0517578125 0.615234375 0.0771484375 0.615234375 0.1357421875 0.630859375 0.1767578125 0.6552734375 0.203125 0.6865234375 0.21875 0.7109375 0.2197265625 0.7412109375 0.20703125 0.767578125 0.1689453125 0.78515625 0.1298828125 0.7890625 0.0849609375 0.7734375 0.0400390625 0.7451171875 0.013671875 0.7080078125 0 0.6748046875 0
2 0.5576171875 0 0.4638671875 0.0546875 0.4404296875 0.052734375 0.3896484375 0.087890625 0.3232421875 0.109375 0.2890625 0.1396484375 0.28125 0.1572265625 0.2919921875 0.1796875 0.310546875 0.1787109375 0.3486328125 0.1640625 0.4111328125 0.11328125 0.4560546875 0.09375 0.4677734375 0.072265625 0.580078125 0.0009765625 0.5576171875 0
2 0.185546875 0.1298828125 0.22265625 0.2080078125 0.248046875 0.3095703125 0.2578125 0.4287109375 0.28125 0.3955078125 0.26953125 0.2783203125 0.23046875 0.1611328125 0.205078125 0.1201171875 0.1884765625 0.11328125 0.185546875 0.1298828125
2 0.2548828125 0.53125 0.27734375 0.5693359375 0.2880859375 0.580078125 0.294921875 0.5751953125 0.30078125 0.5537109375 0.296875 0.5087890625 0.30859375 0.4931640625 0.296875 0.4423828125 0.310546875 0.4150390625 0.3359375 0.3876953125 0.3359375 0.3779296875 0.3212890625 0.37109375 0.28125 0.3896484375 0.2734375 0.3037109375 0.2578125 0.2314453125 0.2265625 0.1533203125 0.1943359375 0.11328125 0.1875 0.1162109375 0.185546875 0.1298828125 0.22265625 0.2080078125 0.248046875 0.3134765625 0.25390625 0.4345703125 0.19921875 0.5869140625 0.13671875 0.6923828125 0.103515625 0.7197265625 0.1015625 0.7373046875 0.04296875 0.7939453125 0.041015625 0.8056640625 0.056640625 0.8095703125 0.111328125 0.7607421875 0.19921875 0.6650390625 0.21484375 0.6357421875 0.212890625 0.6181640625 0.22265625 0.5869140625 0.2548828125 0.53125
2 0.23046875 0.5673828125 0.216796875 0.6025390625 0.212890625 0.6396484375 0.224609375 0.6083984375 0.25390625 0.5849609375 0.259765625 0.5615234375 0.25 0.5615234375 0.2470703125 0.546875 0.23046875 0.5673828125
2 0.064453125 0.5244140625 0.0712890625 0.537109375 0.1455078125 0.52734375 0.1767578125 0.5390625 0.2021484375 0.55859375 0.2109375 0.5576171875 0.21484375 0.5439453125 0.1943359375 0.521484375 0.1552734375 0.50390625 0.1044921875 0.50390625 0.0791015625 0.51171875 0.064453125 0.5244140625
2 0.0380859375 0.3125 0.033203125 0.3154296875 0.03515625 0.3603515625 0.025390625 0.3701171875 0.0234375 0.3935546875 0.02734375 0.6435546875 0.017578125 0.6669921875 0.01953125 0.6962890625 0.037109375 0.6982421875 0.0546875 0.6845703125 0.05859375 0.6728515625 0.056640625 0.3720703125 0.048828125 0.3564453125 0.05078125 0.3212890625 0.0380859375 0.3125
2 0.25 0.2021484375 0.26171875 0.1455078125 0.2587890625 0.13671875 0.24609375 0.1455078125 0.23828125 0.1689453125 0.244140625 0.1982421875 0.25 0.2021484375
2 0.3037109375 0.1796875 0.28515625 0.1806640625 0.2578125 0.2275390625 0.26171875 0.2490234375 0.267578125 0.2529296875 0.3037109375 0.1796875
2 0.212890625 0.2861328125 0.1806640625 0.3125 0.1572265625 0.322265625 0.138671875 0.3447265625 0.125 0.3740234375 0.12109375 0.4033203125 0.1318359375 0.421875 0.1533203125 0.423828125 0.181640625 0.3857421875 0.203125 0.3310546875 0.2197265625 0.314453125 0.22265625 0.3505859375 0.205078125 0.4052734375 0.205078125 0.4228515625 0.2236328125 0.44921875 0.2421875 0.4501953125 0.25390625 0.4267578125 0.25390625 0.3818359375 0.24609375 0.3525390625 0.244140625 0.2998046875 0.2255859375 0.240234375 0.212890625 0.2861328125