2 0.7265625 0.3466796875 0.720703125 0.3212890625 0.7177734375 0.328125 0.71484375 0.3251953125 0.716796875 0.2724609375 0.70703125 0.2138671875 0.67578125 0.1259765625 0.6474609375 0.078125 0.6220703125 0.076171875 0.61328125 0.0947265625 0.61328125 0.1396484375 0.62890625 0.2236328125 0.64453125 0.2685546875 0.69921875 0.3779296875 0.69921875 0.4462890625 0.7109375 0.4990234375 0.73828125 0.5419921875 0.75390625 0.5439453125 0.7734375 0.5302734375 0.77734375 0.5048828125 0.7890625 0.4912109375 0.783203125 0.4365234375 0.76171875 0.3935546875 0.7265625 0.3466796875
2 0.578125 0.3388671875 0.580078125 0.3037109375 0.572265625 0.2841796875 0.5537109375 0.263671875 0.5224609375 0.24609375 0.4970703125 0.244140625 0.4580078125 0.265625 0.44921875 0.2763671875 0.44921875 0.2998046875 0.4609375 0.3349609375 0.5615234375 0.43359375 0.5888671875 0.435546875 0.6220703125 0.484375 0.6630859375 0.513671875 0.671875 0.5126953125 0.689453125 0.4794921875 0.693359375 0.4169921875 0.666015625 0.3681640625 0.6318359375 0.34375 0.5888671875 0.3515625 0.578125 0.3388671875
2 0.505859375 0.2197265625 0.490234375 0.2431640625 0.49609375 0.2451171875 0.513671875 0.2392578125 0.5625 0.1708984375 0.5859375 0.1318359375 0.5830078125 0.1171875 0.5703125 0.1259765625 0.505859375 0.2197265625
2 0.3701171875 0.423828125 0.345703125 0.4521484375 0.35546875 0.4658203125 0.375 0.4404296875 0.3701171875 0.423828125
2 0.451171875 0.3310546875 0.4501953125 0.306640625 0.380859375 0.3994140625 0.37890625 0.4111328125 0.38671875 0.4208984375 0.451171875 0.3310546875
2 0.49609375 0.2451171875 0.515625 0.2373046875 0.5625 0.1708984375 0.5859375 0.1318359375 0.5810546875 0.1171875 0.494140625 0.2373046875 0.49609375 0.2451171875
2 0.3203125 0.2939453125 0.322265625 0.3115234375 0.41796875 0.5556640625 0.453125 0.6318359375 0.4609375 0.6337890625 0.46484375 0.6279296875 0.439453125 0.5419921875 0.3828125 0.4189453125 0.33984375 0.3056640625 0.3251953125 0.2890625 0.3203125 0.2939453125
2 0.5712890625 0.4375 0.4921875 0.5107421875 0.48828125 0.5439453125 0.53125 0.6259765625 0.53515625 0.6474609375 0.552734375 0.6826171875 0.57421875 0.7119140625 0.6171875 0.7939453125 0.6279296875 0.802734375 0.63671875 0.8017578125 0.71484375 0.7236328125 0.728515625 0.7041015625 0.73046875 0.6904296875 0.6015625 0.4560546875 0.5849609375 0.4375 0.5712890625 0.4375
2 0.693359375 0.7978515625 0.70703125 0.7705078125 0.6904296875 0.75 0.671875 0.7685546875 0.671875 0.7763671875 0.6796875 0.7939453125 0.693359375 0.7978515625
2 0.7998046875 0.568359375 0.7890625 0.5810546875 0.7890625 0.6123046875 0.751953125 0.7705078125 0.75390625 0.8291015625 0.7607421875 0.837890625 0.77734375 0.8408203125 0.7890625 0.8330078125 0.796875 0.8154296875 0.80859375 0.7490234375 0.810546875 0.6513671875 0.8203125 0.5947265625 0.7998046875 0.568359375
2 0.810546875 0.5087890625 0.810546875 0.5302734375 0.818359375 0.5439453125 0.83203125 0.4990234375 0.833984375 0.4443359375 0.84765625 0.3642578125 0.8447265625 0.3359375 0.833984375 0.3642578125 0.810546875 0.5087890625
2 0.763671875 0.6689453125 0.7890625 0.6103515625 0.791015625 0.5634765625 0.7822265625 0.552734375 0.755859375 0.5947265625 0.7421875 0.6572265625 0.763671875 0.6689453125
2 0.4501953125 0.642578125 0.4267578125 0.638671875 0.36328125 0.7041015625 0.34765625 0.7333984375 0.427734375 0.8544921875 0.4384765625 0.865234375 0.4453125 0.8642578125 0.46484375 0.8486328125 0.505859375 0.7939453125 0.51171875 0.7216796875 0.49609375 0.6787109375 0.4794921875 0.66015625 0.4501953125 0.642578125
2 0.6669921875 0.935546875 0.6083984375 0.94921875 0.5517578125 0.943359375 0.5009765625 0.9140625 0.4541015625 0.861328125 0.443359375 0.8662109375 0.462890625 0.8935546875 0.5224609375 0.947265625 0.5634765625 0.96484375 0.609375 0.9697265625 0.6572265625 0.9609375 0.6962890625 0.966796875 0.708984375 0.9580078125 0.7109375 0.9423828125 0.7060546875 0.935546875 0.6669921875 0.935546875
2 0.1748046875 0.439453125 0.1669921875 0.44140625 0.15625 0.4541015625 0.15625 0.4697265625 0.236328125 0.5654296875 0.259765625 0.5849609375 0.259765625 0.5634765625 0.2705078125 0.5546875 0.2822265625 0.5546875 0.28125 0.5498046875 0.1904296875 0.451171875 0.1748046875 0.439453125
2 0.3896484375 0.66796875 0.3984375 0.6591796875 0.41015625 0.6240234375 0.3876953125 0.599609375 0.3740234375 0.6015625 0.3603515625 0.6171875 0.3408203125 0.6015625 0.3271484375 0.599609375 0.21875 0.4814453125 0.1787109375 0.44140625 0.1689453125 0.44140625 0.15625 0.4560546875 0.16015625 0.4755859375 0.322265625 0.6611328125 0.306640625 0.6650390625 0.291015625 0.7001953125 0.3125 0.7099609375 0.3076171875 0.7265625 0.2958984375 0.7265625 0.291015625 0.7138671875 0.291015625 0.7275390625 0.306640625 0.7353515625 0.318359375 0.7255859375 0.322265625 0.7041015625 0.3388671875 0.681640625 0.3505859375 0.68359375 0.3681640625 0.6640625 0.3896484375 0.66796875
2 0.2626953125 0.740234375 0.2431640625 0.748046875 0.2265625 0.7646484375 0.21484375 0.7978515625 0.21484375 0.8232421875 0.2265625 0.8544921875 0.2412109375 0.869140625 0.2734375 0.8720703125 0.2939453125 0.859375 0.3046875 0.8447265625 0.314453125 0.8173828125 0.314453125 0.7880859375 0.2919921875 0.748046875 0.2626953125 0.740234375
2 0.40625 0.8544921875 0.3994140625 0.8515625 0.38671875 0.8564453125 0.3818359375 0.87109375 0.3466796875 0.822265625 0.2587890625 0.89453125 0.240234375 0.9208984375 0.255859375 0.9716796875 0.2724609375 1 0.33203125 0.9990234375 0.396484375 0.9345703125 0.3984375 0.9189453125 0.3828125 0.8818359375 0.3916015625 0.8671875 0.40625 0.8642578125 0.40625 0.8544921875
2 0 0.6943359375 0.107421875 0.8076171875 0.23828125 0.6044921875 0.1259765625 0.482421875 0.1142578125 0.486328125 0.08984375 0.5126953125 0.052734375 0.5732421875 0.03515625 0.5810546875 0.013671875 0.6259765625 0.037109375 0.6396484375 0.037109375 0.6552734375 0.0244140625 0.662109375 0.0224609375 0.65625 0.0185546875 0.66015625 0.0107421875 0.654296875 0 0.6767578125 0 0.6943359375