2 0.7109375 0.6630859375 0.716796875 0.6572265625 0.7080078125 0.64453125 0.6953125 0.6435546875 0.69921875 0.6240234375 0.693359375 0.6103515625 0.677734375 0.6005859375 0.6640625 0.5478515625 0.6640625 0.5146484375 0.701171875 0.4267578125 0.70703125 0.3994140625 0.701171875 0.2998046875 0.6865234375 0.287109375 0.673828125 0.2939453125 0.66796875 0.3095703125 0.671875 0.3896484375 0.640625 0.4775390625 0.6318359375 0.521484375 0.591796875 0.4599609375 0.56640625 0.3994140625 0.5712890625 0.392578125 0.5771484375 0.39453125 0.5791015625 0.38671875 0.5830078125 0.3984375 0.6005859375 0.40234375 0.615234375 0.3974609375 0.6064453125 0.3984375 0.603515625 0.3857421875 0.5849609375 0.373046875 0.5537109375 0.36328125 0.537109375 0.3310546875 0.5205078125 0.32421875 0.5078125 0.3408203125 0.515625 0.3798828125 0.5546875 0.4716796875 0.59375 0.5380859375 0.5048828125 0.466796875 0.4619140625 0.447265625 0.4453125 0.4560546875 0.44140625 0.4814453125 0.4609375 0.5107421875 0.4833984375 0.53125 0.5048828125 0.544921875 0.5263671875 0.541015625 0.5341796875 0.546875 0.546875 0.5751953125 0.57421875 0.5986328125 0.61328125 0.6513671875 0.6328125 0.6650390625 0.640625 0.6826171875 0.6494140625 0.689453125 0.6630859375 0.6875 0.6748046875 0.705078125 0.6943359375 0.70703125 0.701171875 0.7138671875 0.70703125 0.7392578125 0.736328125 0.7216796875 0.740234375 0.6904296875 0.7353515625 0.685546875 0.7177734375 0.693359375 0.7109375 0.6904296875 0.7109375 0.6630859375
2 0.478515625 0.3388671875 0.4716796875 0.33984375 0.4609375 0.3212890625 0.4326171875 0.296875 0.4248046875 0.294921875 0.423828125 0.3017578125 0.458984375 0.3544921875 0.482421875 0.3740234375 0.49609375 0.4033203125 0.501953125 0.4033203125 0.501953125 0.3701171875 0.513671875 0.3662109375 0.5078125 0.3447265625 0.4921875 0.3154296875 0.4482421875 0.265625 0.478515625 0.3388671875
2 0.498046875 0.6123046875 0.478515625 0.5751953125 0.48046875 0.5615234375 0.47265625 0.5439453125 0.4599609375 0.5390625 0.4267578125 0.548828125 0.404296875 0.5302734375 0.3837890625 0.494140625 0.376953125 0.5009765625 0.3837890625 0.5703125 0.2900390625 0.58203125 0.2412109375 0.599609375 0.1728515625 0.638671875 0.134765625 0.6767578125 0.134765625 0.6884765625 0.1416015625 0.6953125 0.1552734375 0.6953125 0.2138671875 0.654296875 0.2763671875 0.62109375 0.3681640625 0.609375 0.4189453125 0.61328125 0.4638671875 0.6484375 0.5029296875 0.6640625 0.5703125 0.7353515625 0.6015625 0.7744140625 0.619140625 0.8134765625 0.63671875 0.8310546875 0.666015625 0.8974609375 0.677734375 0.9033203125 0.693359375 0.8857421875 0.6875 0.8603515625 0.6640625 0.8076171875 0.623046875 0.7412109375 0.580078125 0.6884765625 0.498046875 0.6123046875
2 0.4775390625 0.556640625 0.4697265625 0.5390625 0.4541015625 0.5390625 0.4677734375 0.55859375 0.47265625 0.5537109375 0.482421875 0.5869140625 0.4931640625 0.6015625 0.498046875 0.6005859375 0.5087890625 0.599609375 0.537109375 0.5712890625 0.537109375 0.5517578125 0.5224609375 0.54296875 0.5009765625 0.556640625 0.4775390625 0.556640625
2 0.3046875 0.1630859375 0.302734375 0.2294921875 0.3359375 0.2783203125 0.31640625 0.3291015625 0.314453125 0.3798828125 0.33203125 0.4365234375 0.3525390625 0.453125 0.390625 0.4638671875 0.41015625 0.4404296875 0.41015625 0.3037109375 0.37890625 0.1005859375 0.3603515625 0.080078125 0.310546875 0.1416015625 0.3046875 0.1630859375
2 0.4521484375 0 0.564453125 0.1103515625 0.576171875 0.1279296875 0.5859375 0.1650390625 0.5986328125 0.173828125 0.609375 0.1728515625 0.626953125 0.1572265625 0.634765625 0.1318359375 0.6328125 0.1005859375 0.625 0.0810546875 0.5361328125 0 0.4521484375 0
2 0.3271484375 0.892578125 0.2900390625 0.892578125 0.279296875 0.9111328125 0.2822265625 0.919921875 0.3193359375 0.919921875 0.3408203125 0.93359375 0.4873046875 0.943359375 0.5283203125 0.95703125 0.5546875 0.9560546875 0.5927734375 0.953125 0.59765625 0.9482421875 0.591796875 0.9189453125 0.5751953125 0.900390625 0.3330078125 0.88671875 0.3271484375 0.892578125
2 0.466796875 0.7236328125 0.453125 0.7822265625 0.453125 0.8486328125 0.458984375 0.8740234375 0.46875 0.8779296875 0.474609375 0.8681640625 0.47265625 0.7685546875 0.482421875 0.7314453125 0.5078125 0.6767578125 0.4990234375 0.6640625 0.466796875 0.7236328125
2 0.1953125 0.6240234375 0.203125 0.6201171875 0.2060546875 0.607421875 0.1767578125 0.595703125 0.1640625 0.5986328125 0.1748046875 0.619140625 0.1953125 0.6240234375
2 0.3505859375 0.65625 0.3837890625 0.677734375 0.4013671875 0.677734375 0.419921875 0.6591796875 0.421875 0.6181640625 0.4130859375 0.611328125 0.3740234375 0.607421875 0.3466796875 0.62109375 0.2880859375 0.619140625 0.2490234375 0.634765625 0.2451171875 0.64453125 0.287109375 0.6650390625 0.3046875 0.7080078125 0.30859375 0.7373046875 0.32421875 0.7666015625 0.3466796875 0.787109375 0.37109375 0.7939453125 0.392578125 0.7744140625 0.390625 0.7451171875 0.3662109375 0.7109375 0.3203125 0.6767578125 0.310546875 0.6533203125 0.3505859375 0.65625
2 0.359375 0 0.428125 0.0921875 0.4390625 0.15 0.4359375 0.225 0.446875 0.25625 0.475 0.2828125 0.5046875 0.2828125 0.5125 0.271875 0.5171875 0.2234375 0.5609375 0.225 0.5796875 0.2109375 0.5859375 0.1671875 0.5703125 0.125 0.5359375 0.1015625 0.4953125 0.0953125 0.465625 0.078125 0.4046875 0.0234375 0.396875 0 0.359375 0
2 0.2421875 0.1609375 0.2015625 0.1578125 0.1984375 0.1078125 0.1796875 0.0765625 0.15625 0.0546875 0.121875 0.034375 0.1109375 0.0359375 0.103125 0.0453125 0.1015625 0.078125 0.109375 0.1046875 0.1390625 0.1390625 0.1828125 0.165625 0.1953125 0.1953125 0.2171875 0.221875 0.19375 0.3734375 0.190625 0.4375 0.1984375 0.43125 0.2125 0.3890625 0.2515625 0.2453125 0.3234375 0.3046875 0.3359375 0.29375 0.3375 0.2828125 0.3078125 0.2375 0.26875 0.1953125 0.2671875 0.178125 0.2734375 0.165625 0.3125 0.1375 0.35625 0.0828125 0.3640625 0.0578125 0.3625 0.028125 0.3515625 0.0140625 0.3375 0.0125 0.315625 0.0328125 0.3046875 0.0296875 0.3109375 0.0921875 0.3 0.11875 0.2421875 0.1609375
2 0.1484375 0.3984375 0.1609375 0.5 0.1796875 0.55 0.19375 0.56875 0.2 0.56875 0.2140625 0.540625 0.209375 0.4828125 0.171875 0.3734375 0.1640625 0.3234375 0.1546875 0.303125 0.1453125 0.296875 0.09375 0.125 0.0921875 0.1453125 0.1046875 0.175 0.1296875 0.2921875 0.1296875 0.3390625 0.1484375 0.3984375