2 0.66796875 0.9990234375 0.677734375 0.9990234375 0.6650390625 0.955078125 0.61328125 0.9541015625 0.6455078125 0.984375 0.6552734375 0.990234375 0.6630859375 0.984375 0.66796875 0.9990234375
2 0.5986328125 0.908203125 0.5849609375 0.908203125 0.5810546875 0.892578125 0.5673828125 0.892578125 0.5380859375 0.87109375 0.484375 0.8642578125 0.478515625 0.8916015625 0.4833984375 0.896484375 0.5205078125 0.912109375 0.5576171875 0.91015625 0.5634765625 0.921875 0.578125 0.9248046875 0.578125 0.9365234375 0.56640625 0.9462890625 0.57421875 0.9462890625 0.5908203125 0.931640625 0.65234375 0.9384765625 0.6142578125 0.912109375 0.6123046875 0.8984375 0.6044921875 0.8984375 0.5986328125 0.908203125
2 0.357421875 0.9365234375 0.3642578125 0.9453125 0.3818359375 0.955078125 0.427734375 0.9580078125 0.4970703125 0.951171875 0.5 0.9169921875 0.4150390625 0.892578125 0.3798828125 0.89453125 0.359375 0.9052734375 0.357421875 0.9365234375
2 0.544921875 0.9462890625 0.556640625 0.9150390625 0.5009765625 0.9140625 0.498046875 0.9501953125 0.533203125 0.9560546875 0.544921875 0.9462890625
2 0.6142578125 0.95703125 0.734375 0.9638671875 0.759765625 0.9580078125 0.7412109375 0.94921875 0.6220703125 0.93359375 0.5888671875 0.93359375 0.5703125 0.9482421875 0.6142578125 0.95703125
2 0.4833984375 0.912109375 0.4169921875 0.892578125 0.3798828125 0.89453125 0.359375 0.9052734375 0.357421875 0.9365234375 0.3662109375 0.947265625 0.4033203125 0.958984375 0.431640625 0.9580078125 0.4638671875 0.953125 0.5302734375 0.95703125 0.546875 0.9423828125 0.55859375 0.9189453125 0.5537109375 0.912109375 0.4833984375 0.912109375
2 0.728515625 0.5673828125 0.751953125 0.5126953125 0.75 0.4501953125 0.71875 0.3994140625 0.7041015625 0.388671875 0.685546875 0.4091796875 0.615234375 0.6083984375 0.6015625 0.6337890625 0.58203125 0.7294921875 0.587890625 0.7529296875 0.5947265625 0.7578125 0.642578125 0.7568359375 0.66796875 0.7451171875 0.697265625 0.6884765625 0.69921875 0.6376953125 0.677734375 0.5927734375 0.7080078125 0.583984375 0.728515625 0.5673828125
2 0.8134765625 0.666015625 0.8759765625 0.625 0.9111328125 0.611328125 0.90625 0.6279296875 0.869140625 0.6708984375 0.8857421875 0.671875 0.8818359375 0.68359375 0.8935546875 0.677734375 0.935546875 0.6220703125 0.927734375 0.5830078125 0.9052734375 0.580078125 0.8369140625 0.61328125 0.771484375 0.6669921875 0.7001953125 0.75390625 0.6357421875 0.76953125 0.6064453125 0.7890625 0.57421875 0.8369140625 0.572265625 0.8623046875 0.5810546875 0.86328125 0.6123046875 0.83203125 0.6318359375 0.830078125 0.6328125 0.8349609375 0.625 0.8505859375 0.59765625 0.8720703125 0.60546875 0.8955078125 0.5908203125 0.8984375 0.5859375 0.9072265625 0.591796875 0.9091796875 0.5966796875 0.900390625 0.6123046875 0.90234375 0.6455078125 0.888671875 0.673828125 0.8642578125 0.751953125 0.7333984375 0.8134765625 0.666015625
2 0.9189453125 0.609375 0.8583984375 0.677734375 0.7509765625 0.7421875 0.736328125 0.7587890625 0.728515625 0.7763671875 0.732421875 0.7783203125 0.7802734375 0.76171875 0.8486328125 0.72265625 0.919921875 0.6494140625 0.935546875 0.6220703125 0.93359375 0.6123046875 0.9189453125 0.609375
2 0.6025390625 0.939453125 0.6103515625 0.939453125 0.609375 0.9501953125 0.6162109375 0.95703125 0.66796875 0.9560546875 0.6220703125 0.951171875 0.640625 0.9384765625 0.5966796875 0.931640625 0.595703125 0.9267578125 0.6142578125 0.90234375 0.6533203125 0.884765625 0.6796875 0.8583984375 0.751953125 0.7333984375 0.779296875 0.7001953125 0.8291015625 0.654296875 0.9091796875 0.61328125 0.90625 0.6259765625 0.8828125 0.6572265625 0.845703125 0.6923828125 0.8603515625 0.6875 0.865234375 0.6982421875 0.857421875 0.7001953125 0.8642578125 0.705078125 0.8681640625 0.689453125 0.8740234375 0.6953125 0.896484375 0.6767578125 0.935546875 0.6259765625 0.9267578125 0.580078125 0.9033203125 0.580078125 0.8369140625 0.61328125 0.775390625 0.6630859375 0.7001953125 0.75390625 0.6552734375 0.763671875 0.6533203125 0.779296875 0.6220703125 0.77734375 0.603515625 0.7939453125 0.578125 0.8330078125 0.572265625 0.8623046875 0.5849609375 0.861328125 0.6142578125 0.83203125 0.6279296875 0.830078125 0.630859375 0.8349609375 0.5703125 0.8974609375 0.509765625 0.9951171875 0.5107421875 1 0.51953125 0.9990234375 0.5458984375 0.962890625 0.5673828125 0.94921875 0.5849609375 0.94921875 0.5908203125 0.935546875 0.6005859375 0.947265625 0.6025390625 0.939453125
2 0.447265625 0.5849609375 0.357421875 0.7158203125 0.357421875 0.7353515625 0.365234375 0.7509765625 0.431640625 0.8408203125 0.4404296875 0.849609375 0.447265625 0.8486328125 0.583984375 0.6591796875 0.61328125 0.6044921875 0.609375 0.5830078125 0.5322265625 0.490234375 0.509765625 0.5048828125 0.447265625 0.5849609375
2 0.390625 0.8251953125 0.40234375 0.8037109375 0.3857421875 0.783203125 0.37109375 0.7998046875 0.37109375 0.8115234375 0.3837890625 0.826171875 0.390625 0.8251953125
2 0.876953125 0.5517578125 0.880859375 0.5380859375 0.8759765625 0.533203125 0.748046875 0.4462890625 0.7607421875 0.474609375 0.8623046875 0.548828125 0.876953125 0.5517578125
2 0.5576171875 0.30859375 0.552734375 0.3232421875 0.57421875 0.3369140625 0.583984375 0.3251953125 0.5576171875 0.30859375
2 0.6884765625 0.3984375 0.6064453125 0.337890625 0.59375 0.3427734375 0.5947265625 0.35546875 0.68359375 0.4150390625 0.6884765625 0.3984375
2 0.6650390625 0.23828125 0.654296875 0.2470703125 0.599609375 0.3134765625 0.48046875 0.4365234375 0.447265625 0.4814453125 0.44921875 0.4892578125 0.45703125 0.4912109375 0.5234375 0.4326171875 0.591796875 0.3466796875 0.6640625 0.2763671875 0.673828125 0.2568359375 0.6708984375 0.240234375 0.6650390625 0.23828125
2 0.3525390625 0.36328125 0.3046875 0.4345703125 0.279296875 0.4873046875 0.279296875 0.5048828125 0.3369140625 0.56640625 0.3564453125 0.57421875 0.376953125 0.5732421875 0.4033203125 0.560546875 0.421875 0.5361328125 0.43359375 0.4990234375 0.43359375 0.4697265625 0.427734375 0.4365234375 0.3525390625 0.36328125
2 0.2802734375 0.5078125 0.275390625 0.5087890625 0.251953125 0.5634765625 0.23046875 0.6572265625 0.232421875 0.7373046875 0.24609375 0.8291015625 0.25 0.8466796875 0.265625 0.8544921875 0.26953125 0.8388671875 0.248046875 0.7138671875 0.24609375 0.6494140625 0.255859375 0.6005859375 0.2890625 0.5224609375 0.2802734375 0.5078125
2 0.505859375 0.0927734375 0.484375 0.1357421875 0.419921875 0.2861328125 0.390625 0.3388671875 0.40234375 0.3662109375 0.4140625 0.3720703125 0.431640625 0.3544921875 0.435546875 0.3349609375 0.525390625 0.1376953125 0.533203125 0.0986328125 0.5166015625 0.083984375 0.505859375 0.0927734375
2 0.41015625 0.3876953125 0.4140625 0.4091796875 0.435546875 0.4287109375 0.4462890625 0.42578125 0.462890625 0.4013671875 0.4609375 0.3759765625 0.4423828125 0.345703125 0.412109375 0.3779296875 0.41015625 0.3876953125
2 0.3662109375 0.337890625 0.390625 0.3388671875 0.40234375 0.3056640625 0.3740234375 0.291015625 0.3583984375 0.29296875 0.349609375 0.3017578125 0.35546875 0.3291015625 0.3662109375 0.337890625
2 0.2919921875 0.232421875 0.2578125 0.2626953125 0.251953125 0.3076171875 0.2578125 0.3232421875 0.2783203125 0.345703125 0.306640625 0.3505859375 0.3212890625 0.34375 0.337890625 0.3232421875 0.341796875 0.2822265625 0.33203125 0.2509765625 0.3154296875 0.236328125 0.2919921875 0.232421875
2 0.15234375 0.3583984375 0.16796875 0.3955078125 0.220703125 0.4580078125 0.240234375 0.4697265625 0.267578125 0.4423828125 0.298828125 0.3837890625 0.234375 0.2958984375 0.2080078125 0.27734375 0.154296875 0.3388671875 0.15234375 0.3583984375
2 0.267578125 0.4072265625 0.2548828125 0.40234375 0.248046875 0.4189453125 0.28125 0.4658203125 0.287109375 0.4658203125 0.267578125 0.4072265625
2 0.3193359375 0 0.2734375 0.1201171875 0.4306640625 0.2109375 0.4375 0.2099609375 0.4609375 0.1494140625 0.474609375 0.0869140625 0.4921875 0.0673828125 0.490234375 0.0419921875 0.4404296875 0 0.3193359375 0
2 1 0.9990234375 0.9990234375 0.896484375 0.921875 0.9990234375 1 0.9990234375