2 0 0.6943359375 0.107421875 0.8076171875 0.23828125 0.6044921875 0.1279296875 0.484375 0.1123046875 0.490234375 0.0859375 0.5166015625 0.078125 0.5380859375 0.060546875 0.5537109375 0.052734375 0.5712890625 0.033203125 0.5830078125 0 0.6416015625 0 0.6943359375
2 0.2607421875 0.740234375 0.2265625 0.7646484375 0.216796875 0.7880859375 0.21484375 0.8232421875 0.2265625 0.8544921875 0.2392578125 0.8671875 0.2509765625 0.873046875 0.271484375 0.8720703125 0.30078125 0.8525390625 0.314453125 0.8173828125 0.314453125 0.7880859375 0.302734375 0.7587890625 0.2919921875 0.748046875 0.2607421875 0.740234375
2 0.28515625 0.9990234375 0.3203125 0.9990234375 0.39453125 0.9248046875 0.3828125 0.8974609375 0.36328125 0.8779296875 0.3564453125 0.84765625 0.259765625 0.9306640625 0.28515625 0.9990234375
2 0.4013671875 0.84765625 0.3759765625 0.861328125 0.3486328125 0.8203125 0.2646484375 0.888671875 0.240234375 0.9189453125 0.2578125 0.9755859375 0.2744140625 1 0.328125 0.9990234375 0.396484375 0.9345703125 0.3984375 0.9169921875 0.384765625 0.8896484375 0.3828125 0.8701171875 0.408203125 0.8603515625 0.4013671875 0.84765625
2 0.6689453125 0.935546875 0.6044921875 0.94921875 0.5517578125 0.943359375 0.5009765625 0.9140625 0.4560546875 0.86328125 0.4453125 0.8662109375 0.46484375 0.8955078125 0.5263671875 0.94921875 0.5732421875 0.966796875 0.62890625 0.9677734375 0.6552734375 0.9609375 0.6962890625 0.966796875 0.708984375 0.9580078125 0.7109375 0.9404296875 0.7060546875 0.935546875 0.6689453125 0.935546875
2 0.4775390625 0.658203125 0.4462890625 0.640625 0.4248046875 0.638671875 0.36328125 0.7041015625 0.34765625 0.7333984375 0.427734375 0.8544921875 0.4384765625 0.865234375 0.4453125 0.8642578125 0.46484375 0.8486328125 0.505859375 0.7939453125 0.51171875 0.7705078125 0.51171875 0.7197265625 0.49609375 0.6787109375 0.4775390625 0.658203125
2 0.3896484375 0.66796875 0.3984375 0.6591796875 0.41015625 0.6240234375 0.3876953125 0.599609375 0.3740234375 0.6015625 0.3623046875 0.6171875 0.3408203125 0.6015625 0.3271484375 0.599609375 0.193359375 0.4541015625 0.1787109375 0.44140625 0.1689453125 0.44140625 0.15625 0.4541015625 0.16015625 0.4755859375 0.322265625 0.6591796875 0.3212890625 0.6640625 0.306640625 0.6650390625 0.291015625 0.7001953125 0.3125 0.7099609375 0.3115234375 0.7265625 0.291015625 0.7236328125 0.2958984375 0.732421875 0.306640625 0.7333984375 0.31640625 0.7275390625 0.322265625 0.7021484375 0.3388671875 0.681640625 0.3505859375 0.68359375 0.3681640625 0.6640625 0.3896484375 0.66796875
2 0.3251953125 0.2890625 0.3203125 0.2939453125 0.32421875 0.3154296875 0.416015625 0.5517578125 0.453125 0.6318359375 0.4609375 0.6337890625 0.46484375 0.6279296875 0.439453125 0.5419921875 0.41796875 0.4892578125 0.408203125 0.4794921875 0.33984375 0.3056640625 0.3251953125 0.2890625
2 0.3701171875 0.423828125 0.345703125 0.4521484375 0.35546875 0.4658203125 0.375 0.4404296875 0.3701171875 0.423828125
2 0.453125 0.3271484375 0.4482421875 0.3046875 0.380859375 0.3994140625 0.37890625 0.4111328125 0.38671875 0.4208984375 0.453125 0.3271484375
2 0.498046875 0.2451171875 0.513671875 0.2392578125 0.5703125 0.1591796875 0.5859375 0.1337890625 0.5810546875 0.115234375 0.490234375 0.2431640625 0.498046875 0.2451171875
2 0.578125 0.3408203125 0.580078125 0.3037109375 0.57421875 0.2880859375 0.5537109375 0.263671875 0.5224609375 0.24609375 0.4912109375 0.24609375 0.4580078125 0.265625 0.44921875 0.2763671875 0.44921875 0.2998046875 0.4609375 0.3349609375 0.5615234375 0.43359375 0.5927734375 0.4375 0.6201171875 0.482421875 0.6572265625 0.509765625 0.669921875 0.5126953125 0.6875 0.4853515625 0.693359375 0.4189453125 0.6640625 0.3662109375 0.6298828125 0.34375 0.5888671875 0.3515625 0.578125 0.3408203125
2 0.5751953125 0.435546875 0.4921875 0.5107421875 0.486328125 0.5341796875 0.55078125 0.6787109375 0.578125 0.7177734375 0.619140625 0.7958984375 0.63671875 0.8017578125 0.71484375 0.7236328125 0.73046875 0.6923828125 0.71484375 0.6552734375 0.603515625 0.4580078125 0.5849609375 0.4375 0.5751953125 0.435546875
2 0.724609375 0.3408203125 0.7109375 0.2314453125 0.68359375 0.1435546875 0.65234375 0.0830078125 0.6259765625 0.076171875 0.615234375 0.0888671875 0.61328125 0.1259765625 0.62890625 0.2236328125 0.650390625 0.2802734375 0.697265625 0.3720703125 0.69921875 0.4521484375 0.70703125 0.4892578125 0.73046875 0.5341796875 0.75 0.5458984375 0.7734375 0.5322265625 0.77734375 0.5087890625 0.7890625 0.4931640625 0.78515625 0.4423828125 0.767578125 0.4033203125 0.724609375 0.3408203125
2 0.8203125 0.4599609375 0.810546875 0.4794921875 0.810546875 0.5048828125 0.8046875 0.5107421875 0.806640625 0.5439453125 0.818359375 0.5537109375 0.833984375 0.4970703125 0.83203125 0.4541015625 0.84765625 0.3642578125 0.84765625 0.3427734375 0.8427734375 0.337890625 0.8203125 0.4599609375
2 0.8203125 0.5888671875 0.806640625 0.5673828125 0.8115234375 0.5546875 0.7890625 0.5751953125 0.7890625 0.6083984375 0.78125 0.6279296875 0.77734375 0.6708984375 0.751953125 0.7705078125 0.755859375 0.8349609375 0.779296875 0.8408203125 0.791015625 0.8330078125 0.796875 0.8193359375 0.80859375 0.7529296875 0.810546875 0.6533203125 0.8203125 0.6162109375 0.8203125 0.5888671875
2 0.763671875 0.6689453125 0.7890625 0.6083984375 0.794921875 0.5595703125 0.7841796875 0.544921875 0.7578125 0.5908203125 0.7421875 0.6591796875 0.763671875 0.6689453125
2 0.9990234375 0.9296875 0.958984375 0.9853515625 0.958984375 0.9951171875 0.9638671875 1 1 0.9990234375 0.9990234375 0.9296875
2 1 0.9990234375 0.9970703125 0.8984375 0.927734375 0.9990234375 1 0.9990234375
2 0.92578125 0.4775390625 0.8955078125 0.453125 0.8564453125 0.443359375 0.8349609375 0.44921875 0.826171875 0.4833984375 0.8173828125 0.466796875 0.791015625 0.5029296875 0.79296875 0.5146484375 0.7861328125 0.51171875 0.783203125 0.5185546875 0.79296875 0.5302734375 0.7861328125 0.52734375 0.783203125 0.5341796875 0.79296875 0.5458984375 0.78515625 0.5498046875 0.79296875 0.5517578125 0.83984375 0.6318359375 0.861328125 0.6572265625 0.8544921875 0.658203125 0.8408203125 0.646484375 0.83984375 0.6513671875 0.8642578125 0.669921875 0.88671875 0.6689453125 0.9150390625 0.65234375 0.9453125 0.6201171875 0.966796875 0.5810546875 0.966796875 0.5634765625 0.95703125 0.5185546875 0.92578125 0.4775390625