2 0.8212890625 0.298828125 0.810546875 0.3056640625 0.79296875 0.3447265625 0.75 0.4111328125 0.6875 0.5517578125 0.625 0.6181640625 0.62109375 0.6435546875 0.62890625 0.6630859375 0.6494140625 0.67578125 0.671875 0.6767578125 0.6826171875 0.673828125 0.703125 0.6494140625 0.822265625 0.3935546875 0.822265625 0.3701171875 0.837890625 0.3330078125 0.8212890625 0.298828125
2 0.52734375 0.4443359375 0.5244140625 0.439453125 0.5166015625 0.4453125 0.470703125 0.4873046875 0.4990234375 0.412109375 0.43359375 0.5029296875 0.44140625 0.5322265625 0.43359375 0.6298828125 0.416015625 0.6748046875 0.388671875 0.7119140625 0.39453125 0.7255859375 0.41796875 0.7041015625 0.443359375 0.6572265625 0.453125 0.6181640625 0.451171875 0.5556640625 0.45703125 0.5380859375 0.52734375 0.4443359375
2 0.6318359375 0 0.611328125 0.0302734375 0.595703125 0.0869140625 0.568359375 0.1025390625 0.5439453125 0.140625 0.4599609375 0.126953125 0.37109375 0.1240234375 0.3779296875 0.134765625 0.3955078125 0.142578125 0.521484375 0.1826171875 0.45703125 0.3154296875 0.4453125 0.3544921875 0.5 0.2880859375 0.5654296875 0.193359375 0.58984375 0.2041015625 0.61328125 0.2509765625 0.6513671875 0.30078125 0.6689453125 0.310546875 0.6923828125 0.3125 0.71875 0.2978515625 0.72265625 0.2744140625 0.705078125 0.2470703125 0.705078125 0.2373046875 0.6943359375 0.234375 0.6533203125 0.244140625 0.6318359375 0.234375 0.61328125 0.2119140625 0.58984375 0.1572265625 0.587890625 0.1201171875 0.6181640625 0.115234375 0.650390625 0.0888671875 0.6796875 0.0380859375 0.6845703125 0 0.6318359375 0
2 0.048828125 0.3212890625 0.0361328125 0.314453125 0.03515625 0.3583984375 0.0234375 0.3779296875 0.025390625 0.6474609375 0.017578125 0.6669921875 0.017578125 0.6923828125 0.0224609375 0.69921875 0.0390625 0.6982421875 0.052734375 0.6865234375 0.05859375 0.6708984375 0.05859375 0.4970703125 0.056640625 0.3740234375 0.048828125 0.3583984375 0.048828125 0.3212890625
2 0.1552734375 0.32421875 0.12890625 0.3623046875 0.12109375 0.3935546875 0.123046875 0.4111328125 0.1318359375 0.421875 0.150390625 0.4248046875 0.181640625 0.3857421875 0.201171875 0.3330078125 0.220703125 0.3115234375 0.2158203125 0.283203125 0.1845703125 0.310546875 0.1552734375 0.32421875
2 0.253125 0.1359375 0.2390625 0.15625 0.2359375 0.171875 0.246875 0.2125 0.2625 0.14375 0.253125 0.1359375
2 0.3 0.15625 0.2546875 0.2328125 0.2640625 0.2625 0.3078125 0.18125 0.309375 0.165625 0.3 0.15625
2 0.125 0.3734375 0.1203125 0.409375 0.1296875 0.425 0.15 0.428125 0.18125 0.3859375 0.2 0.3375 0.221875 0.3171875 0.221875 0.35625 0.2046875 0.40625 0.2046875 0.428125 0.21875 0.45 0.2390625 0.4546875 0.2484375 0.4484375 0.2546875 0.4328125 0.25625 0.3671875 0.2421875 0.2671875 0.2265625 0.2390625 0.2140625 0.2859375 0.18125 0.3140625 0.1609375 0.3203125 0.1375 0.3453125 0.125 0.3734375
2 0.2546875 0.4375 0.209375 0.56875 0.1828125 0.6203125 0.1140625 0.734375 0.0453125 0.7890625 0.040625 0.8109375 0.0484375 0.815625 0.0625 0.8125 0.103125 0.775 0.1765625 0.6921875 0.209375 0.634375 0.234375 0.5640625 0.253125 0.5390625 0.2625 0.5421875 0.284375 0.5828125 0.29375 0.5828125 0.3 0.5625 0.2984375 0.5125 0.3109375 0.496875 0.3 0.4421875 0.3109375 0.4203125 0.3390625 0.3890625 0.3359375 0.3765625 0.325 0.371875 0.2875 0.3921875 0.2828125 0.3890625 0.26875 0.2765625 0.25 0.2109375 0.2171875 0.1359375 0.203125 0.11875 0.1890625 0.115625 0.1859375 0.134375 0.2234375 0.2109375 0.240625 0.2671875 0.25625 0.3640625 0.2546875 0.4375
2 0.1015625 0.7171875 0.103125 0.7359375 0.1265625 0.7078125 0.11875 0.70625 0.1015625 0.7171875
2 0.2421875 0.578125 0.2671875 0.5796875 0.2734375 0.5734375 0.2578125 0.534375 0.2390625 0.5546875 0.2359375 0.575 0.21875 0.6 0.2140625 0.6359375 0.2421875 0.578125
2 0.14375 0.528125 0.18125 0.5421875 0.2 0.5578125 0.2140625 0.55625 0.215625 0.54375 0.190625 0.51875 0.159375 0.50625 0.115625 0.503125 0.0765625 0.515625 0.0671875 0.5328125 0.08125 0.5390625 0.1203125 0.528125 0.14375 0.528125
2 0.4013671875 0.787109375 0.4306640625 0.796875 0.4755859375 0.79296875 0.5078125 0.7763671875 0.4990234375 0.73828125 0.4287109375 0.7421875 0.3984375 0.7255859375 0.42578125 0.6904296875 0.4326171875 0.66796875 0.419921875 0.6689453125 0.3896484375 0.72265625 0.3544921875 0.69921875 0.3388671875 0.6953125 0.29296875 0.7041015625 0.3203125 0.6591796875 0.41015625 0.5693359375 0.431640625 0.5341796875 0.421875 0.5302734375 0.421875 0.5185546875 0.4130859375 0.509765625 0.353515625 0.5302734375 0.37890625 0.4794921875 0.376953125 0.4619140625 0.3681640625 0.453125 0.3564453125 0.453125 0.32421875 0.4970703125 0.27734375 0.6220703125 0.201171875 0.7470703125 0.197265625 0.7763671875 0.1875 0.7958984375 0.189453125 0.8154296875 0.1640625 0.8291015625 0.162109375 0.8427734375 0.173828125 0.8623046875 0.201171875 0.8662109375 0.236328125 0.8388671875 0.24609375 0.8037109375 0.275390625 0.7646484375 0.3076171875 0.748046875 0.3330078125 0.74609375 0.4013671875 0.787109375
2 0.525 0.459375 0.5171875 0.5078125 0.528125 0.525 0.5375 0.5265625 0.6515625 0.428125 0.665625 0.4390625 0.5828125 0.5796875 0.58125 0.5984375 0.59375 0.6140625 0.63125 0.6125 0.6484375 0.596875 0.66875 0.55625 0.6703125 0.49375 0.690625 0.425 0.8046875 0.30625 0.8046875 0.3 0.7890625 0.3046875 0.734375 0.3421875 0.7703125 0.2640625 0.7734375 0.2515625 0.7671875 0.25 0.665625 0.396875 0.6171875 0.4171875 0.5640625 0.41875 0.5359375 0.440625 0.525 0.459375